0 0.92265625 0.64296875 0.1546875 0.2671875
0 0.8484375 0.67109375 0.15 0.2734375
0 0.76796875 0.721875 0.11875 0.1609375
0 0.72890625 0.65546875 0.1703125 0.2390625
0 0.63515625 0.7015625 0.1828125 0.228125
0 0.49296875 0.69765625 0.20625 0.29375
0 0.428125 0.71328125 0.1390625 0.2890625
0 0.3609375 0.7203125 0.1265625 0.2671875
0 0.3109375 0.76875 0.115625 0.184375
0 0.265625 0.759375 0.121875 0.240625
0 0.17265625 0.7546875 0.1765625 0.275
0 0.10546875 0.78671875 0.134375 0.259375
0 0.05234375 0.67421875 0.0421875 0.115625
