0 0.13125 0.68984375 0.1140625 0.228125
0 0.20390625 0.70625 0.103125 0.234375
0 0.2828125 0.74140625 0.090625 0.1328125
0 0.31015625 0.6765625 0.128125 0.2
0 0.4 0.70625 0.140625 0.1875
0 0.52734375 0.684375 0.1546875 0.246875
0 0.58828125 0.68984375 0.0921875 0.2515625
0 0.64921875 0.68828125 0.0828125 0.23125
0 0.7 0.72578125 0.084375 0.15625
0 0.7390625 0.71171875 0.0828125 0.2078125
0 0.821875 0.69609375 0.128125 0.23125
0 0.90078125 0.715625 0.11875 0.2234375
0 0.9734375 0.7015625 0.053125 0.203125
0 0.95390625 0.6078125 0.0921875 0.103125
